event_inherited()
scr_set_lt()
c1 = 0.8470588235294118
c2 = 0.9137254901960784
c3 = 0.6745098039215687
u1 = shader_get_uniform(sh_simpleblend, "u_RGB")
image_speed = 0.75
depth = ((-y) + 18)
spell_sound = choose(1453, 1454, 1455, 1456)
audio_play_sound(spell_sound, 2, false)
alarm[0] = 1
alarm[10] = 13
unit_sprite = 7047
unit_object = 1966
target = -4
restore_percent = 0.66
KD_percent = 0.5
is_special = 0
u_charge = -4
is_fumble = 0
is_crit = 0
